1.426475591870257631e-06 1.377959932824524003e-07 4.384841759019764140e-06 8.300889930978883058e-08 2.201794359280029312e-06 1.122658613894600421e-05 4.523194547800812870e-06 2.468379456388447579e-08 4.988420414520078339e-07 9.999690055847167969e-01 1.791839395082206465e-06 4.469515033633797430e-07 4.232210812915582210e-06
1.037509946399950422e-06 9.998012185096740723e-01 1.274738224310567603e-06 1.923515628732275218e-05 1.329154911218211055e-04 3.382260501894052140e-06 4.503433956415392458e-06 1.858373593677242752e-06 1.984165010071592405e-06 4.888181592832552269e-07 2.463280179654248059e-05 7.196933893283130601e-06 3.800723789026960731e-07
4.710324787993158679e-07 9.999691247940063477e-01 2.182405722805924597e-07 8.061237167567014694e-06 5.542415237869136035e-06 1.530367626401130110e-06 1.164768718808772974e-06 6.941140782146248966e-06 1.403570422553457320e-06 9.341473372614927939e-08 3.231191612940165214e-06 1.961161160579649732e-06 1.987487792121100938e-07
7.036728220555232838e-06 1.237392211805854458e-06 9.999248981475830078e-01 7.053948536395182600e-08 5.498337941389763728e-06 4.862895934820699040e-07 3.170460331602953374e-05 6.217715231571219192e-09 9.575938747730106115e-06 8.770162821747362614e-06 5.853787570231361315e-06 1.082844462985121936e-07 4.736940354632679373e-06
4.103391617536544800e-02 1.670883502811193466e-03 2.661035978235304356e-04 5.755926482379436493e-03 5.072536468505859375e-01 5.802948726341128349e-04 3.487954149022698402e-03 6.048991810530424118e-03 1.093490282073616982e-03 1.741016603773459792e-04 4.326321184635162354e-01 1.928388883243314922e-06 5.905252464799559675e-07
2.502941606508102268e-05 1.778605219442397356e-04 9.323462247848510742e-01 1.719306601444259286e-05 2.569570788182318211e-04 2.256071093142963946e-05 4.165439680218696594e-02 1.069807922249310650e-06 2.583054883871227503e-04 1.314736000495031476e-04 2.500384300947189331e-02 9.221678919857367873e-05 1.285784401261480525e-05
1.071691372089844663e-06 4.366287384982570074e-07 7.555907359346747398e-06 9.746072038296915707e-08 3.590367123251780868e-05 2.167294042010325938e-05 5.661539762513712049e-05 1.754020502175990259e-07 1.207379341394698713e-06 9.998489618301391602e-01 3.811110445894883014e-06 2.471312200214015320e-06 1.990000964724458754e-05
4.866195740760304034e-05 2.989957010868238285e-06 2.364606916671618819e-05 6.932658379810163751e-06 2.425249113002792001e-04 2.456974983215332031e-02 1.793257615645416081e-05 3.538026703608920798e-06 4.655505472328513861e-05 9.749833941459655762e-01 1.873933570095687173e-06 2.290849124619853683e-06 4.988578075426630676e-05
7.728097261860966682e-05 7.861899575800634921e-06 5.836601121700368822e-05 5.624004916171543300e-05 8.162193989846855402e-05 3.085157573223114014e-01 2.844122536771465093e-05 6.910650881764013320e-06 2.028234484896529466e-05 6.909667253494262695e-01 1.414140278939157724e-04 2.949085501313675195e-05 9.616455827199388295e-06
1.363771389151224867e-06 3.651637962320819497e-05 2.448366103635635227e-06 9.185326632632495603e-08 1.659942427068017423e-05 4.262716538505628705e-05 7.915574315120466053e-06 1.462975706090219319e-05 9.998722076416015625e-01 2.526711796235758811e-06 3.789736808812449453e-07 2.890606936034600949e-07 2.483736579961259849e-06
1.069477434612053912e-06 2.359013393515851931e-07 6.717813789691717830e-07 7.602627192682120949e-06 7.975285370775964111e-06 9.999287128448486328e-01 1.277640109265121282e-07 5.790452178189298138e-06 3.826388638117350638e-05 8.084353794401977211e-06 6.403998895621043630e-07 5.514829695130174514e-07 2.672021537364344113e-07
7.139361741792527027e-07 9.999687671661376953e-01 1.283254817963097594e-07 3.456782906141597778e-06 8.320370397996157408e-06 6.017801865709770937e-07 4.820009507966460660e-06 6.446847237384645268e-06 9.629369515096186660e-07 2.004361050467196037e-07 3.849812401313101873e-06 1.383576432090194430e-06 3.042652281237678835e-07
2.299159300445108300e-11 2.874056690416182391e-07 6.567265398160770928e-09 6.403651013897615485e-07 8.675026919036099571e-09 1.935101039407527423e-07 8.040721013458096422e-07 1.545492750665289350e-06 2.885711225530940283e-08 2.820756961341430724e-08 3.806580934906378388e-07 9.999953508377075195e-01 8.490297886964981444e-07
1.752199600690840242e-11 3.424874819302203832e-07 1.397793081281406558e-08 6.429507948269019835e-07 9.160990188661344291e-09 1.650618628445954528e-07 9.923112429532920942e-07 1.154961864813230932e-06 4.900516969996715488e-08 3.261560266309970757e-08 3.884408670273842290e-07 9.999949932098388672e-01 1.179587115984759293e-06
8.565352800360415131e-06 6.951073009986430407e-05 8.839500651447451673e-07 3.181437568855471909e-05 4.927915870212018490e-05 7.694549822190310806e-06 6.958328594919294119e-05 9.904494881629943848e-01 9.161273948848247528e-03 7.392740144496201538e-07 3.129308652205509134e-06 3.508523877826519310e-05 1.128762232838198543e-04
2.017427505052182823e-06 2.083549770759418607e-05 1.227765977773742634e-08 8.444129889539908618e-06 2.765423460004967637e-06 2.230096242783474736e-06 4.890994205197785050e-06 9.999123811721801758e-01 3.373174331500194967e-05 1.749750850876807817e-07 5.062377113063121215e-07 3.445020411163568497e-06 8.489038009429350495e-06
1.501744118286296725e-04 5.854848623275756836e-01 2.325139212189242244e-04 2.427822437311988324e-06 7.804781943559646606e-02 2.459293464198708534e-04 3.267731051892042160e-03 2.511455968488007784e-04 3.317992389202117920e-01 1.984520931728184223e-04 1.935012551257386804e-04 1.435520425729919225e-05 1.118975778808817267e-04
9.474925172980874777e-05 3.086046781390905380e-04 6.690322152280714363e-06 3.571216802811250091e-05 7.592440670123323798e-05 9.137795132119208574e-06 5.267874803394079208e-04 9.015448689460754395e-01 9.666696190834045410e-02 4.784199518326204270e-06 1.003447960101766512e-05 8.295705629279837012e-05 6.328679737634956837e-04
1.607742160558700562e-05 1.046532906912034377e-05 1.064226729795336723e-03 1.400136716256383806e-05 1.627493620617315173e-04 2.097841206705197692e-05 6.077875732444226742e-04 7.147233986870560329e-07 6.512681466119829565e-06 8.194282418116927147e-05 9.980105757713317871e-01 3.896934231306659058e-06 5.038089412323643046e-08
7.109840953489765525e-05 2.007171497098170221e-05 4.388979286886751652e-04 2.443252924422267824e-05 1.182017498649656773e-03 7.753949761390686035e-01 1.661329442868009210e-04 5.687243174179457128e-05 2.130927443504333496e-01 9.316859766840934753e-03 1.503180101281031966e-05 3.241544254706241190e-05 1.884391967905685306e-04
2.378723547735717148e-05 4.817604803974973038e-06 3.217624180251732469e-05 1.288855884240547311e-07 3.377209941390901804e-05 7.918209121271502227e-06 3.944352210965007544e-04 2.354259436287975404e-07 1.503050589235499501e-05 9.991791844367980957e-01 3.023187455255538225e-04 6.338122489069064613e-07 5.715888164559146389e-06
2.675763653314788826e-06 5.063241133029805496e-07 6.297061645454959944e-06 1.276249918191751931e-06 1.557692121423315257e-05 8.081254782155156136e-04 3.841509169433265924e-06 3.586132208965864265e-07 3.870681666739983484e-06 9.991336464881896973e-01 2.368263039898010902e-06 2.532992311898851767e-06 1.890866042231209576e-05
7.450275461451383308e-06 1.006383172352798283e-04 3.497776290828369383e-08 1.212423831020714715e-05 9.966556717699859291e-06 5.446300747280474752e-06 8.918904313759412616e-06 9.996730089187622070e-01 1.721351727610453963e-04 6.623891124490910443e-08 3.236798420402919874e-07 2.619931137815001421e-06 7.183388333942275494e-06
4.336429701652377844e-04 6.347133603412657976e-05 2.234359458088874817e-02 1.180879536377688055e-07 9.221001528203487396e-04 8.322892244905233383e-05 1.572703197598457336e-02 1.825611093408952001e-06 5.374150350689888000e-04 9.571810960769653320e-01 5.449698801385238767e-05 1.624626565899234265e-05 2.635822631418704987e-03
9.998672008514404297e-01 6.735468105034669861e-06 7.624242425663396716e-05 2.280459921166766435e-05 7.752623787382617593e-06 1.047156388267467264e-06 8.529045203431451228e-07 8.315935815517150331e-07 5.670139671565266326e-06 1.239768153027398512e-06 8.842838724376633763e-06 3.975434426095603158e-10 7.536955308751203120e-07
1.790396709111519158e-05 2.549931195972021669e-05 2.347383265544067399e-08 1.149167073890566826e-04 4.305545644456287846e-06 4.094186351721873507e-06 1.380996877742290962e-06 9.998239874839782715e-01 3.618085884227184579e-06 5.132713809530287108e-08 7.801404535712208599e-07 9.816924375627422705e-07 2.551695843067136593e-06
1.390392299072118476e-07 5.604850272789008159e-08 4.602020453603472561e-06 9.163056979843986483e-10 9.257153976705012610e-08 5.989215168256123434e-08 1.209336232932400890e-06 1.319928202292430797e-07 7.347505857069336344e-07 6.613588539039483294e-06 1.781576108861315788e-09 1.823982529458589852e-06 9.999845027923583984e-01
5.341676296666264534e-05 8.968427209765650332e-06 1.387641896144486964e-05 1.782789011485874653e-03 3.684983239509165287e-04 7.011136767687276006e-05 2.304956251464318484e-05 4.563741185847902671e-06 5.330917929313727655e-07 5.437627260107547045e-05 9.976150989532470703e-01 4.731138687930069864e-06 9.992850102946704283e-09
8.449442248092964292e-05 8.127230405807495117e-01 3.567926614778116345e-05 7.734903192613273859e-06 7.263466977747157216e-05 2.058903774013742805e-04 4.756123817060142756e-04 5.270316265523433685e-03 1.809703856706619263e-01 6.193170520418789238e-06 7.955829460115637630e-06 4.034886296722106636e-05 9.974569547921419144e-05
1.913833330036140978e-06 2.132813051503035240e-06 2.764084911177633330e-06 7.722735972492955625e-06 1.721744629321619868e-04 9.995723366737365723e-01 6.989580469962675124e-07 2.187123754993081093e-06 2.694715840334538370e-05 2.024740970227867365e-04 7.291344445548020303e-06 7.565514010821061675e-07 5.165322818356798962e-07
1.352219385353237158e-07 1.204871153959174990e-07 4.928135240334086120e-06 1.665699467245929100e-09 2.188752574738828116e-07 6.757463921758244396e-08 2.500507662261952646e-06 5.114965233588009141e-07 1.241359200321312528e-06 9.720269190438557416e-06 1.468270949267491687e-09 3.787996092796674930e-06 9.999767541885375977e-01
6.147306561470031738e-01 1.770088332705199718e-03 1.383060734951868653e-04 1.467819092795252800e-04 4.482051357626914978e-02 1.810611924156546593e-03 1.189824640750885010e-01 1.094780582934617996e-02 3.543077735230326653e-03 1.660648733377456665e-01 3.701217845082283020e-02 1.552723006170708686e-06 3.104927964159287512e-05
3.309402242302894592e-02 1.925521716475486755e-02 7.336437702178955078e-03 6.094489890529075637e-06 8.697682619094848633e-01 1.748614522512070835e-05 4.876382648944854736e-02 1.070803918992169201e-04 2.026004530489444733e-02 1.026637255563400686e-04 2.587825001683086157e-04 6.178871103657002095e-07 1.029482111334800720e-03
2.706717168621253222e-06 9.695933158582192846e-07 9.999185800552368164e-01 7.112442546031161328e-08 3.563580094123608433e-06 9.577489663570304401e-07 1.123966831073630601e-05 2.373791385679169252e-09 4.353176336735486984e-06 3.680757799884304404e-05 1.510206948296399787e-05 3.398351111627562204e-07 5.361524017644114792e-06
3.264411498093977571e-05 1.076196203939616680e-03 6.178610783535987139e-05 2.811107719935534988e-07 9.470278164371848106e-04 2.092247159453108907e-04 6.164091639220714569e-03 5.817284691147506237e-04 9.766836762428283691e-01 1.365063060075044632e-02 7.418162113026482984e-06 2.119646160281263292e-05 5.641535390168428421e-04
3.402034735699999146e-06 3.646400728030130267e-07 3.633364485722268000e-06 6.043820235390739981e-07 2.002395012823399156e-05 3.340088878758251667e-04 3.425644990784348920e-06 1.389465040801951545e-07 1.407123932040121872e-06 9.996262788772583008e-01 1.463249986954906490e-06 3.693907331125956262e-07 4.914652890875004232e-06
1.348981527371506672e-06 2.152187477122424752e-07 3.719786946021486074e-06 1.130086246803330141e-07 9.382934877066873014e-06 1.643596442590933293e-05 5.091736056783702224e-06 3.590945851783544640e-08 9.481815936851489823e-07 9.999582767486572266e-01 2.578066414571367204e-06 1.753252121261539287e-07 1.582330241944873706e-06
6.613496541976928711e-01 2.228239463875070214e-04 4.786026329384185374e-05 1.691428124904632568e-01 5.697567248716950417e-04 9.425795823335647583e-02 1.241724476130912080e-05 7.189720124006271362e-02 1.761831226758658886e-03 4.446114471647888422e-04 2.775702741928398609e-04 2.077472345263231546e-06 1.345865075563779101e-05
1.960726658580824733e-04 6.549982819706201553e-03 3.907094651367515326e-06 1.607788205146789551e-01 7.158452868461608887e-01 3.494056873023509979e-04 1.340381859336048365e-04 1.151576265692710876e-01 8.930179319577291608e-05 1.074938336387276649e-05 6.866230978630483150e-04 1.363241171929985285e-04 6.185482925502583385e-05
2.117095391440670937e-06 7.309037073355284519e-07 2.757368292805040255e-06 5.891820364922750741e-07 2.997828460138407536e-06 1.363110059173777699e-04 8.270326361525803804e-06 2.586381810942839365e-07 2.953456146315147635e-07 9.998363256454467773e-01 6.941304491192568094e-06 1.290191335101553705e-06 1.107395519284182228e-06
1.571962638990953565e-05 2.526751086406875402e-05 7.473312143702059984e-05 5.211332165799831273e-08 8.722256170585751534e-04 6.099522215663455427e-05 2.372317539993673563e-04 1.328465168626280501e-05 9.982550740242004395e-01 4.150074673816561699e-04 3.693700136864208616e-06 5.098115138935099822e-07 2.613069591461680830e-05
6.243548796192044392e-06 1.643820723984390497e-05 3.476579877315089107e-06 2.332743243016466295e-08 5.496233643498271704e-05 1.314299765908799600e-06 9.734788909554481506e-05 4.139672819292172790e-05 9.997609257698059082e-01 2.960738811452756636e-06 3.623681266162748216e-07 2.146998951957357349e-07 1.435133981431135908e-05
5.810695256514009088e-06 1.423189969500526786e-04 1.586163648426008876e-06 5.289027740218443796e-06 1.122518278862116858e-05 1.822469348553568125e-04 3.255703268223442137e-05 7.863831706345081329e-03 9.917141795158386230e-01 6.240181392058730125e-06 8.929355885811673943e-07 1.470897404942661524e-05 1.914706990646664053e-05
2.417709038127213717e-05 4.412623866301146336e-07 1.979579428734723479e-05 9.285174940032447921e-08 4.657463250623550266e-06 2.063047395495232195e-05 9.317205694969743490e-06 8.281054419967404101e-08 6.853108516224892810e-06 9.999073743820190430e-01 2.910410785261774436e-06 8.790254923951579258e-08 3.545577555996715091e-06
1.285885264223907143e-05 2.428939660603646189e-05 1.949887291630147956e-06 4.712325790023896843e-06 6.565746298292651772e-05 3.207090310752391815e-03 1.518190765636973083e-05 1.030885614454746246e-03 9.956145286560058594e-01 9.602066711522638798e-06 2.177591568397474475e-06 3.084556510657421313e-06 7.951879524625837803e-06
1.130869641201570630e-04 3.228399918953073211e-06 9.998009800910949707e-01 2.918259269790723920e-07 9.594184120942372829e-06 4.014321177692181664e-07 2.225398202426731586e-05 1.710301589241680631e-08 3.163209112244658172e-05 3.982749603892443702e-06 7.543808806076413020e-06 2.290322065334748913e-08 6.974581538088386878e-06
1.037436277329106815e-06 5.466161837830441073e-06 1.383365088258869946e-06 1.027186300461835344e-07 2.883375373130547814e-06 2.026531910814810544e-05 2.611489435366820544e-06 2.132778536179102957e-05 9.999427795410156250e-01 4.342647628163831541e-07 8.184774458186439006e-08 2.154166480750063783e-07 1.466558046558930073e-06
3.660436486825346947e-04 2.400877274340018630e-04 4.355128476163372397e-05 2.045954315690323710e-04 5.842280006618238986e-05 5.741401314735412598e-01 5.677791705238632858e-05 1.172747090458869934e-02 4.129275977611541748e-01 1.433969009667634964e-04 6.854520324850454926e-05 1.048702506523113698e-05 1.285772486880887300e-05
2.086879788976148120e-07 1.385585903790342854e-07 2.486449147909297608e-06 2.631273865461025707e-09 5.437400432128924876e-07 5.393334490122470015e-08 2.564223450463032350e-06 1.068032474904612172e-06 1.816131543819210492e-06 6.314178790489677340e-06 5.389915180842308473e-10 3.277552877989364788e-06 9.999815225601196289e-01
1.219677645713090897e-02 1.252312446013092995e-03 2.994508940901141614e-05 9.754005670547485352e-01 3.144286210954305716e-06 1.987303985515609384e-04 5.496937319549033418e-06 2.470665494911372662e-04 7.029121206869604066e-06 9.650600077293347567e-06 1.063942816108465195e-02 9.227454029314685613e-06 6.608593707824184094e-07
1.132820398197509348e-04 1.115371560445055366e-04 6.579563766717910767e-02 1.179656192107358947e-05 9.201943874359130859e-01 1.376138516206992790e-05 1.119011174887418747e-02 4.181135591352358460e-05 1.916827517561614513e-03 8.918471576180309057e-05 4.323948523961007595e-04 3.776842504521482624e-06 8.558017725590616465e-05
3.869732659311786449e-11 4.213498527860792819e-07 7.270357649247216614e-09 1.005990156954794656e-06 6.933521312646462320e-09 2.066081066232072772e-07 8.814054694994410966e-07 3.622961912697064690e-06 5.742198894154171285e-08 3.764762723790227028e-08 2.021872802515645162e-07 9.999920129776000977e-01 1.592891408108698670e-06
3.354047294124029577e-05 1.428222167305648327e-04 1.137143553933128715e-04 2.011176292171512614e-07 9.830356575548648834e-04 1.587584847584366798e-04 2.506050048395991325e-03 6.437685806304216385e-04 9.700372815132141113e-01 2.386896684765815735e-02 6.326854418148286641e-06 1.884761513792909682e-05 1.486654393374919891e-03
1.039778635458787903e-05 1.174437999725341797e-02 2.394644752712338232e-06 8.135648677125573158e-04 9.709247350692749023e-01 1.421325653791427612e-02 6.683521860395558178e-06 4.579336964525282383e-04 1.736896578222513199e-03 2.607589340186677873e-05 4.969720976077951491e-05 9.928120562108233571e-06 3.993452537542907521e-06
4.762807657243683934e-05 2.015081008721608669e-05 2.839170520019251853e-05 2.184919445369359892e-08 2.403172402409836650e-05 8.513775355822872370e-06 3.121794143225997686e-04 1.010244614008115605e-05 9.994711279869079590e-01 4.976217678631655872e-05 1.245100747837568633e-06 1.044233428615370940e-07 2.667075204954016954e-05
5.402790066000306979e-06 1.542584795970469713e-04 2.641807682812213898e-02 1.090666846721433103e-04 1.535642892122268677e-02 1.243344740942120552e-04 2.262433990836143494e-03 5.029896783526055515e-06 6.884400499984622002e-05 6.716395728290081024e-04 9.546146988868713379e-01 2.029877796303480864e-04 6.832554390712175518e-06
9.872446656227111816e-01 1.910991122713312507e-04 6.648076669080182910e-05 1.000682474114000797e-03 6.191212742123752832e-05 4.821502952836453915e-04 3.139370586723089218e-03 1.555696828290820122e-03 1.224430016009137034e-04 3.702396497828885913e-05 6.094743963330984116e-03 1.589328348927665502e-07 3.682411033878452145e-06
6.067534685134887695e-01 3.050965024158358574e-04 3.603056757128797472e-05 3.888004124164581299e-01 2.441568067297339439e-04 8.939602412283420563e-04 6.352983746182871982e-06 2.451768377795815468e-04 3.632108928286470473e-05 1.069795143848750740e-05 2.665899926796555519e-03 7.245043320835975464e-07 1.685956590335990768e-06
1.252802576345857233e-05 1.356483608105918393e-05 1.853672557672325638e-07 9.990944862365722656e-01 2.802320523187518120e-06 3.564854705473408103e-05 1.215684335420519346e-07 8.092275820672512054e-04 3.712671627909003291e-07 3.439660929416277213e-07 2.527202559576835483e-05 5.473392320709535852e-06 5.795444835143825912e-08
1.031836177389777731e-06 2.679412034467532067e-07 4.429160526342457160e-06 4.512117257604586484e-08 2.518269411666551605e-06 4.487737896852195263e-06 1.292614615522325039e-05 3.150013583308464149e-08 5.532151590159628540e-07 9.999670982360839844e-01 4.250335223332513124e-06 2.747539440406399081e-07 2.018053692154353485e-06
8.130012929541408084e-07 1.902244690654697479e-07 1.013425730889139231e-06 5.172753390070283785e-06 1.293961213377770036e-05 9.999049901962280273e-01 3.507610131237015594e-07 3.788522235481650569e-06 3.081144313910044730e-05 3.760953040909953415e-05 9.188269700644013938e-07 1.009243760563549586e-06 4.011979513052210677e-07
1.245720909537340049e-06 2.432522251183399931e-06 2.089964436891023070e-05 7.428000969866843661e-08 5.598841744358651340e-05 1.190596503874985501e-05 1.642552524572238326e-04 1.541472443022939842e-07 4.354993961896980181e-06 9.997105002403259277e-01 2.047729867626912892e-05 2.069961055894964375e-06 5.724116817873436958e-06
7.315476295843836851e-07 5.137172593094874173e-06 2.305927864654222503e-06 1.399732809659326449e-06 9.998767375946044922e-01 8.505145160597749054e-06 6.879110060253879055e-06 1.065600145011558197e-06 3.028126229764893651e-06 6.993924034759402275e-05 2.408404725429136306e-05 6.465796076327023911e-08 1.530842865804515895e-07
4.544826224446296692e-04 9.892087837215512991e-05 2.788640558719635010e-04 1.300137955695390701e-04 2.577362116426229477e-03 6.639866041950881481e-04 1.013540662825107574e-02 7.202346023404970765e-05 2.241246329504065216e-05 2.404374927282333374e-01 7.450906634330749512e-01 3.445002585067413747e-05 3.752248858290840872e-06
9.936183691024780273e-01 2.527122524043079466e-05 6.160969405755167827e-06 5.223516840487718582e-03 1.517300552222877741e-04 3.212392039131373167e-04 9.500287205810309388e-07 5.967001779936254025e-04 1.894977867777924985e-05 1.602988413651473820e-05 1.817836164264008403e-05 1.161976381780505108e-08 2.801077698677545413e-06
4.880781489191576838e-05 5.534390948014333844e-05 9.940218296833336353e-05 3.345307777635753155e-05 3.735842416062951088e-03 9.331446886062622070e-01 6.563832721440121531e-05 1.007836108328774571e-04 6.092997267842292786e-02 1.741463551297783852e-03 3.079855741816572845e-05 6.549934823851799592e-06 7.160131644923239946e-06
4.861115598941978533e-07 2.907023917941842228e-05 5.405975571193266660e-06 2.018203382192496065e-08 8.188907486328389496e-06 1.917142213869738043e-07 9.998001456260681152e-01 8.518642061972059309e-06 2.886002585000824183e-05 2.231676626252010465e-05 8.724062354303896427e-05 7.871080924815032631e-06 1.737823595249210484e-06
5.796839104732498527e-06 8.450812892988324165e-04 1.583125708748411853e-06 9.971299767494201660e-01 1.653002800594549626e-05 5.767126276623457670e-05 1.409350716130575165e-06 2.030557079706341028e-04 2.792986606436898001e-07 5.561216767091536894e-07 1.487406902015209198e-03 2.507152385078370571e-04 8.737745105236172094e-08
1.523190917396277655e-06 3.654026841104496270e-07 2.982292812703235541e-07 1.814699317037593573e-05 2.876892722269985825e-06 9.998795986175537109e-01 2.768384206319751684e-07 1.576441172801423818e-05 4.788841579284053296e-06 7.303911843337118626e-05 2.040685785686946474e-06 1.067658899955858942e-06 2.005050419029430486e-07
2.708263536987942643e-06 3.564677399481297471e-06 1.522539150755619630e-05 3.851482404115813551e-07 3.719468622875865549e-06 3.701585956150665879e-05 2.293931902386248112e-04 1.021933968559096684e-07 1.464948468310467433e-06 9.994780421257019043e-01 2.209579542977735400e-04 5.168173174752155319e-06 2.266964429509243928e-06
4.133524271310307086e-06 1.291642092837719247e-05 9.647556908021215349e-06 1.885283218427957763e-08 4.793179869011510164e-06 4.318408173276111484e-06 2.627597132232040167e-05 7.387224286503624171e-06 9.998943805694580078e-01 1.924449315993115306e-05 1.508622915480373194e-07 3.150452982936258195e-07 1.633444298931863159e-05
1.705920226413581986e-06 3.509668147216871148e-07 1.204085401695920154e-05 1.446076822730901767e-07 2.106718056893441826e-05 3.099381501669995487e-05 5.976484317216090858e-06 3.246762503295030911e-08 2.128026153513928875e-06 9.999127388000488281e-01 2.945795131381601095e-06 5.339874178389436565e-07 9.278372999688144773e-06
3.865325652441242710e-06 3.008508997481840197e-07 3.405852567084366456e-06 4.626757998948960449e-08 1.446227543056011200e-06 8.198353498301003128e-06 5.277487616694997996e-06 5.006584302691408084e-08 1.198780637423624285e-06 9.999715089797973633e-01 1.056501560015021823e-06 1.019031472537790250e-07 3.370927743162610568e-06
1.863543875515460968e-03 1.155616417527198792e-01 5.386272678151726723e-04 1.391827845509396866e-05 1.211766939377412200e-04 1.457593953091418371e-05 2.907801270484924316e-01 3.443743288516998291e-01 2.398830950260162354e-01 5.919280811212956905e-04 4.186728037893772125e-04 5.108386976644396782e-04 5.327495280653238297e-03
9.010772146211820655e-07 3.222632756205712212e-07 2.712480863920063712e-06 9.275369450278958539e-08 4.367390829429496080e-06 3.498712248983792961e-05 2.069319634756539017e-05 2.241761194454738870e-07 1.366007722936046775e-06 9.999284744262695312e-01 2.797861043291050009e-06 6.595207082682463806e-07 2.337082833037129603e-06
2.365523105254396796e-04 1.182516207336448133e-04 2.879478037357330322e-02 9.988701094698626548e-06 7.170819491147994995e-02 1.472851634025573730e-02 2.800328074954450130e-04 8.206187658288399689e-07 2.597948070615530014e-03 8.806054592132568359e-01 2.393694740021601319e-04 1.244904069608310238e-05 6.676921038888394833e-04
1.193783537019044161e-04 1.079483408830128610e-04 2.545323222875595093e-02 1.433198776794597507e-04 3.739965322893112898e-04 1.375019550323486328e-03 5.051947198808193207e-03 2.529624453018186614e-06 2.214634150732308626e-05 6.587909907102584839e-02 9.013885259628295898e-01 8.027266449062153697e-05 2.584579533504438587e-06
1.038315458572469652e-04 2.632893919944763184e-01 1.601406838744878769e-04 1.388123055221512914e-04 6.106066575739532709e-05 1.160511674243025482e-04 1.517760753631591797e-01 5.440189838409423828e-01 1.803666912019252777e-02 2.068178873741999269e-04 1.392317563295364380e-02 8.018030785024166107e-03 1.509916328359395266e-04
2.892504380724858493e-05 2.123339618265163153e-05 3.068071521283854963e-07 9.997339844703674316e-01 2.676049007277470082e-06 1.188494024972897023e-05 2.254670476986575522e-07 4.919715138385072351e-05 1.276476666589587694e-07 4.494316954151145183e-07 1.500248763477429748e-04 7.865994007261178922e-07 9.675162004896264989e-09
2.509254845790565014e-04 1.179794708150438964e-04 6.469845538958907127e-04 2.305421912751626223e-05 3.723808331415057182e-04 1.265720580704510212e-03 1.873707957565784454e-02 1.172466363641433418e-05 5.950608829152770340e-05 4.277210831642150879e-01 5.507425665855407715e-01 4.777018330059945583e-05 3.231914433854399249e-06
