1.880922923191974405e-06 3.653469548225984909e-06 2.872925688279792666e-05 1.161901423074596096e-06 1.142487417382653803e-05 6.912419485161080956e-05 7.543693300249287859e-06 1.471249902351701166e-06 2.309140836587175727e-05 9.998352527618408203e-01 1.038371374306734651e-05 1.203095166601997335e-06 5.044981207902310416e-06
4.620241816155612469e-05 9.943565726280212402e-01 5.062587297288700938e-05 3.750669420696794987e-04 6.369932089000940323e-04 4.605966023518703878e-05 1.206445958814583719e-04 1.298948773182928562e-03 1.816053874790668488e-03 1.958105858648195863e-04 1.044038217514753342e-03 9.510913514532148838e-06 3.304075335108791478e-06
2.651774229889269918e-05 9.959477782249450684e-01 2.333739394089207053e-05 5.501729901880025864e-04 1.671256322879344225e-04 3.148771429550834000e-05 4.825407086173072457e-05 9.340367396362125874e-04 1.836539711803197861e-03 1.944017858477309346e-04 2.225594653282314539e-04 1.136661194323096424e-05 6.473826942965388298e-06
9.484824840910732746e-05 2.241583752038422972e-05 9.981982111930847168e-01 2.011946378388529411e-07 7.122440001694485545e-05 4.041023566969670355e-05 9.546439396217465401e-04 6.756549169040226843e-07 3.718549851328134537e-05 4.165065183769911528e-04 1.028479746310040355e-04 1.155507334260619245e-06 5.968692494207061827e-05
8.088149130344390869e-02 2.120834542438387871e-03 1.180400978773832321e-02 1.363846706226468086e-03 2.820890862494707108e-03 3.317437367513775826e-03 1.020404882729053497e-02 1.305739628151059151e-03 1.213936950080096722e-03 2.621666295453906059e-03 8.823367953300476074e-01 8.876000720192678273e-06 3.456248975908238208e-07
1.035193330608308315e-03 6.106792716309428215e-05 6.231914274394512177e-03 7.625931175425648689e-05 4.972812603227794170e-04 8.007261203601956367e-04 2.543943934142589569e-03 3.902838579961098731e-05 6.382675928762182593e-05 9.796012891456484795e-04 9.876334667205810547e-01 3.742186163435690105e-05 2.502313236618647352e-07
2.456380343573982827e-06 2.166647573176305741e-05 1.028778715408407152e-04 1.907936621137196198e-06 1.490829599788412452e-04 1.603969139978289604e-04 7.311305671464651823e-05 4.356793851911788806e-06 6.165361992316320539e-05 9.993504881858825684e-01 2.509212026780005544e-05 6.665942237304989249e-06 4.025917223771102726e-05
2.664963831193745136e-04 8.795940811978653073e-05 6.340803811326622963e-04 1.873053224699106067e-05 1.897342881420627236e-04 8.793677091598510742e-01 4.311641969252377748e-04 1.944567702594213188e-05 8.660469320602715015e-04 1.177952885627746582e-01 3.106733493041247129e-04 1.848284455263637938e-06 1.076465923688374460e-05
1.105673218262381852e-04 5.423022957984358072e-05 2.366818225709721446e-04 1.484007680119248107e-05 3.131742778350599110e-05 9.910284876823425293e-01 2.642256149556487799e-04 5.860903911525383592e-06 3.008318599313497543e-04 7.695951033383607864e-03 2.537211403250694275e-04 2.185636503782006912e-06 1.115871100410004146e-06
1.575006899656727910e-05 6.302273832261562347e-04 4.093743336852639914e-05 4.197032467345707119e-06 2.718665928114205599e-04 3.624013043008744717e-04 7.633581117261201143e-05 1.428082905476912856e-04 9.918965697288513184e-01 6.517087109386920929e-03 2.304571535205468535e-05 4.602839453582419083e-06 1.417163457517744973e-05
6.013795427861623466e-05 3.823041697614826262e-05 6.275389750953763723e-05 1.707493720459751785e-05 3.763936547329649329e-05 9.953328967094421387e-01 7.332064706133678555e-05 7.371590527327498421e-06 5.005509010516107082e-04 3.799387952312827110e-03 6.720566307194530964e-05 1.623094476599362679e-06 1.792908278730465099e-06
6.500620656879618764e-05 9.765253663063049316e-01 2.692406815185677260e-05 2.358768135309219360e-03 6.998422904871404171e-04 1.714757818263024092e-04 4.137576033826917410e-04 1.098517235368490219e-02 2.424689708277583122e-03 8.882982074283063412e-04 5.364030599594116211e-03 7.039701449684798717e-05 6.222448519110912457e-06
3.744775156633295410e-09 5.609931008621060755e-07 8.977441900981375511e-09 6.611825483560096473e-06 1.824168549546811846e-07 2.048481348992936546e-07 8.033234166759939399e-07 2.377006467213504948e-06 4.627555085789936129e-07 3.124502541140827816e-07 5.435459229374828283e-07 9.999811649322509766e-01 6.837756245658965781e-06
2.995780956638327552e-09 6.479774015133443754e-07 1.116691183966622702e-08 5.315144790074555203e-06 1.795324777731366339e-07 1.624575531877781032e-07 5.769928179688577075e-07 1.494255229772534221e-06 3.725317299085872946e-07 2.597126638193003600e-07 5.105865739096770994e-07 9.999843835830688477e-01 6.008523087075445801e-06
1.831452827900648117e-04 2.786919940263032913e-03 1.072085797204636037e-04 1.475633034715428948e-04 2.376178745180368423e-03 2.818121865857392550e-04 1.624752767384052277e-03 8.229145407676696777e-01 1.654428392648696899e-01 9.208798874169588089e-04 6.437338888645172119e-04 9.339509415440261364e-04 1.636487548239529133e-03
1.936024818860460073e-05 2.817204804159700871e-04 2.541132971600745805e-06 3.834985909634269774e-05 1.816703297663480043e-04 1.376455020363209769e-05 5.184496694710105658e-05 9.973281621932983398e-01 1.722480054013431072e-03 5.467487062560394406e-05 4.788404839928261936e-05 3.133168866042979062e-05 2.262891066493466496e-04
5.298613177728839219e-05 1.656150817871093750e-02 3.443419118411839008e-04 6.980405487411189824e-06 2.035874640569090843e-03 1.125643379054963589e-03 8.256371947936713696e-04 3.627577680163085461e-04 9.652709364891052246e-01 1.316250208765268326e-02 2.171260857721790671e-04 1.135918228101218119e-05 2.233725354017224163e-05
4.052976873936131597e-05 3.826491592917591333e-04 6.644815130130155012e-06 5.438632069854065776e-05 2.328899863641709089e-04 2.033904638665262610e-05 6.322674016701057553e-05 9.952002763748168945e-01 3.020252566784620285e-03 7.524261309299618006e-05 4.842181078856810927e-05 9.183492511510848999e-05 7.632811903022229671e-04
1.277548726648092270e-03 5.937774403719231486e-05 1.556938607245683670e-02 4.978125434718094766e-05 9.138617897406220436e-04 9.983682539314031601e-04 2.548226621001958847e-03 4.396990334498696029e-05 6.984933861531317234e-05 2.601896878331899643e-03 9.758602380752563477e-01 7.012249170657014474e-06 4.906394792669743765e-07
7.536211051046848297e-04 1.455219695344567299e-03 2.619305625557899475e-03 3.272819230915047228e-05 2.672024071216583252e-03 5.405165553092956543e-01 1.674220198765397072e-03 1.283342862734571099e-04 2.379652410745620728e-01 2.116484344005584717e-01 4.543866089079529047e-04 1.292233901040162891e-05 6.699613732052966952e-05
2.000308086280710995e-05 2.685526851564645767e-05 3.819767152890563011e-04 1.048304284267942421e-06 4.304838876123540103e-05 5.909009487368166447e-04 7.551431190222501755e-05 4.986863586964318529e-06 1.397502637701109052e-04 9.985920786857604980e-01 1.184062712127342820e-04 5.238430844656249974e-07 4.808849553228355944e-06
1.219679143105167896e-05 2.963655060739256442e-05 9.927517385222017765e-05 1.828146196203306317e-05 4.068459747941233218e-05 1.024175807833671570e-02 1.361438917228952050e-04 1.255948882317170501e-05 1.564829290146008134e-04 9.890757799148559570e-01 1.414243452018126845e-04 1.315541794610908255e-05 2.263011629111133516e-05
1.653605431783944368e-04 4.638651153072714806e-04 1.659343183746386785e-06 4.477490801946260035e-05 1.902018120745196939e-04 3.506003486108966172e-05 6.210483843460679054e-05 9.970297813415527344e-01 1.871323445811867714e-03 8.877999789547175169e-06 4.163505946053192019e-05 2.086301356030162424e-05 6.452987145166844130e-05
3.843387530650943518e-04 1.398640801198780537e-03 4.508553445339202881e-02 7.702922630414832383e-06 8.163662860170006752e-04 1.925003714859485626e-02 2.295958809554576874e-02 3.083529736613854766e-05 2.272210270166397095e-02 8.856415152549743652e-01 4.142115649301558733e-04 7.191347685875371099e-05 1.217222423292696476e-03
9.903401732444763184e-01 1.070854777935892344e-04 2.592890290543437004e-03 5.661918476107530296e-05 2.285966365889180452e-05 2.073868090519681573e-04 5.517316050827503204e-03 2.147996419807896018e-04 9.864640014711767435e-05 5.707239688490517437e-05 7.834066636860370636e-04 2.339594118438981241e-07 1.482605739511200227e-06
3.077501969528384507e-05 2.205786586273461580e-04 3.384712670140288537e-07 6.697202479699626565e-05 4.270862700650468469e-05 1.422978220944060013e-05 9.417078217666130513e-06 9.989210367202758789e-01 5.968434270471334457e-04 7.910850399639457464e-06 3.805578671745024621e-05 1.394665105181047693e-05 3.721909888554364443e-05
6.794981999291849206e-08 4.121349775232374668e-06 8.699406862433534116e-06 6.255465905269375071e-07 1.262555883840832394e-06 8.922339134187495802e-07 3.161416316288523376e-06 1.960154349944787100e-06 2.693372834983165376e-06 1.041876930685248226e-05 8.096358783404866699e-08 7.163348345784470439e-05 9.998943805694580078e-01
1.707265735603868961e-03 4.826598888030275702e-05 3.121031913906335831e-03 1.825528743211179972e-04 5.681019392795860767e-04 9.424489107914268970e-04 2.413458423689007759e-03 5.785288522019982338e-05 3.654471220215782523e-05 1.256161718629300594e-03 9.896373152732849121e-01 2.886965557991061360e-05 1.674160188258611015e-07
1.613536442164331675e-04 4.626855552196502686e-01 2.025130233960226178e-04 1.059576534316875041e-04 5.865916609764099121e-04 5.298335105180740356e-03 1.713306875899434090e-03 2.647469053044915199e-03 5.166540741920471191e-01 9.481813758611679077e-03 3.064931079279631376e-04 1.069567515514791012e-04 4.961997547070495784e-05
6.766269507352262735e-05 6.259985093493014574e-05 9.756372310221195221e-05 8.584702300140634179e-06 7.619895040988922119e-05 9.957827329635620117e-01 1.297347625950351357e-04 5.128468274051556364e-06 5.664668860845267773e-04 3.089281963184475899e-03 1.117069332394748926e-04 9.875942623693845235e-07 1.394538799104338977e-06
8.089657654863913194e-08 5.663932370225666091e-06 6.628132268815534189e-06 5.645502483275777195e-07 2.513251729396870360e-06 8.256827754848927725e-07 4.739167252409970388e-06 3.760667141250451095e-06 5.342147233022842556e-06 1.020523450279142708e-05 5.750833054207760142e-08 4.627083035302348435e-05 9.999133348464965820e-01
2.877982147037982941e-02 7.434286922216415405e-02 4.187387414276599884e-03 4.132647154619917274e-05 2.263972768560051918e-03 3.739026840776205063e-03 7.929172515869140625e-01 1.504543144255876541e-02 1.207237411290407181e-02 5.862224102020263672e-02 7.911210879683494568e-03 4.299148258724017069e-06 7.278500561369583011e-05
1.566990613937377930e-01 1.279683876782655716e-02 6.196035444736480713e-02 4.372273178887553513e-05 6.627389192581176758e-01 1.206749584525823593e-03 1.446803845465183258e-02 1.342992763966321945e-02 5.743768066167831421e-02 1.389923039823770523e-03 1.738594658672809601e-02 7.503493293370411266e-07 4.420482146088033915e-04
4.410905967233702540e-05 1.642611096031032503e-05 9.989309906959533691e-01 1.727618865743352217e-07 5.189120929571799934e-05 2.889640927605796605e-05 1.119855442084372044e-04 5.043257260695099831e-07 2.125830542354378849e-05 6.851576617918908596e-04 5.981830327073112130e-05 5.890275360798113979e-07 4.824345160159282386e-05
3.346275116200558841e-05 1.324781333096325397e-03 7.827873196220025420e-05 6.375700195349054411e-06 5.154191749170422554e-04 2.192792890127748251e-04 1.919039204949513078e-04 4.225548182148486376e-04 9.690380692481994629e-01 2.803039178252220154e-02 2.939682599389925599e-05 7.398854904749896377e-06 1.027270991471596062e-04
1.208834964927518740e-05 4.025517046102322638e-05 6.949853559490293264e-05 3.148715040879324079e-05 5.556256655836477876e-05 1.233502756804227829e-02 1.153433840954676270e-04 1.213737596117425710e-05 1.459401537431403995e-04 9.870634675025939941e-01 8.610887743998318911e-05 1.034380602504825220e-05 2.273068457725457847e-05
1.850073658715700731e-06 6.595650120289064944e-06 2.214570486103184521e-05 1.553150468680541962e-06 1.410826189385261387e-05 6.144472718005999923e-05 1.063320814864709973e-05 2.115990128004341386e-06 2.229131678177509457e-05 9.998415708541870117e-01 1.086846987163880840e-05 8.276629728243278805e-07 3.970354555349331349e-06
9.964957833290100098e-01 1.280517026316374540e-04 2.539975976105779409e-04 1.519522193120792508e-04 1.617897032701876014e-05 2.832883328665047884e-04 1.225688494741916656e-03 1.022102194838225842e-03 1.443708606529980898e-04 4.047187030664645135e-05 2.358312631258741021e-04 2.987320613101474009e-07 2.081366346828872338e-06
1.738021383062005043e-03 6.860261559486389160e-01 2.583424211479723454e-04 4.899855703115463257e-03 1.330931670963764191e-02 3.120126784779131413e-04 7.723466842435300350e-04 2.681503891944885254e-01 9.526900947093963623e-03 1.421467633917927742e-03 1.346700545400381088e-02 2.550382851040922105e-05 9.276004129787907004e-05
5.598126790573587641e-06 2.626479363243561238e-05 5.689395402441732585e-05 8.474963578919414431e-06 2.199702066718600690e-05 1.525822328403592110e-03 1.923345262184739113e-04 4.488403646973893046e-06 7.020730845397338271e-05 9.980126619338989258e-01 6.020849468768574297e-05 8.434318260697182268e-06 6.501289590232772753e-06
1.277259871130809188e-04 1.161091611720621586e-03 4.093146999366581440e-04 3.705455810631974600e-06 1.309885759837925434e-03 4.618655890226364136e-03 4.599629028234630823e-04 1.222490245709195733e-04 9.700835943222045898e-01 2.159116603434085846e-02 8.562451694160699844e-05 3.262658083258429542e-06 2.387327185715548694e-05
5.199654697207733989e-05 1.825795625336468220e-03 8.066841837717220187e-05 2.052889840342686512e-06 7.292950758710503578e-04 1.436370512237772346e-04 2.829502045642584562e-04 4.436903109308332205e-04 9.922112226486206055e-01 4.143498837947845459e-03 4.604003333952277899e-05 4.304115464037749916e-06 3.486245259409770370e-05
6.677069468423724174e-04 6.162679195404052734e-01 3.852950612781569362e-05 1.768708578310906887e-03 5.729265394620597363e-04 2.007618360221385956e-02 2.316599478945136070e-03 4.543896764516830444e-02 2.978261709213256836e-01 1.410399749875068665e-02 2.948848414234817028e-04 5.211760289967060089e-04 1.062000083038583398e-04
2.771604158624541014e-05 4.446396633284166455e-05 2.322311629541218281e-04 1.680268610471102875e-06 3.386009484529495239e-05 1.242364291101694107e-03 1.344344491371884942e-04 4.869099484494654462e-06 1.501082588220015168e-04 9.980826377868652344e-01 3.734135316335596144e-05 6.123486855358351022e-07 7.679859663767274469e-06
5.686471922672353685e-05 1.248579355888068676e-03 3.781224950216710567e-05 1.266264280275208876e-05 2.121607976732775569e-04 3.961206879466772079e-03 3.129105025436729193e-04 5.695114959962666035e-04 9.861560463905334473e-01 7.346745580434799194e-03 5.630098530673421919e-05 1.779671583790332079e-05 1.139478627010248601e-05
2.691438421607017517e-03 6.001957808621227741e-04 3.281107544898986816e-02 1.703036286926362664e-05 9.564713835716247559e-01 6.093952106311917305e-05 1.626602752367034554e-04 1.600021496415138245e-04 4.312745761126279831e-03 1.561680110171437263e-03 9.393683867529034615e-04 2.298566187164396979e-06 2.092808426823467016e-04
2.909851900767534971e-05 7.838993915356695652e-04 4.457356044440530241e-05 3.811668193520745263e-06 1.470396673539653420e-04 3.398464468773454428e-04 9.599009354133158922e-05 1.330791856162250042e-04 9.941624999046325684e-01 4.229330457746982574e-03 1.273019279324216768e-05 7.193410056061111391e-06 1.089641955331899226e-05
1.682110159890726209e-04 2.165243058698251843e-04 1.058706548064947128e-04 3.501954415696673095e-05 3.424105307203717530e-05 9.928324222564697266e-01 2.415541966911405325e-04 4.094121322850696743e-05 1.798470504581928253e-03 4.289068281650543213e-03 2.327501279069110751e-04 3.744841478692251258e-06 1.207307491313258652e-06
9.234898357135534752e-08 5.248120032774750143e-06 3.111790192633634433e-06 5.090916488370567095e-07 4.320840616856003180e-06 5.154474251867213752e-07 2.882041826524073258e-06 4.305814400140661746e-06 7.269232810358516872e-06 3.741038426596787758e-06 2.922074671118934930e-08 2.148007843061350286e-05 9.999464750289916992e-01
3.123781789327040315e-05 6.810315971961244941e-05 1.070087705556943547e-06 9.996351003646850586e-01 2.423075329716084525e-06 9.899284123093821108e-06 5.536518528970191255e-06 1.280108263017609715e-04 2.098391178151359782e-06 5.525583674170775339e-06 5.629015140584670007e-05 5.398564098868519068e-05 7.368722663159132935e-07
4.191679880023002625e-03 7.072867010720074177e-04 4.032534733414649963e-02 2.854551530617754906e-05 9.045537710189819336e-01 1.247736508958041668e-04 2.835193183273077011e-03 2.014619531109929085e-03 1.314464025199413300e-02 4.321889486163854599e-03 2.767697907984256744e-02 1.026296922645997256e-05 6.499170558527112007e-05
8.544942531329979829e-09 1.023103550323867239e-06 8.009076957193883572e-09 1.522742240922525525e-05 2.042194893192572636e-07 2.386131541243230458e-07 1.178977186100382823e-06 7.325977549044182524e-06 7.354800573011743836e-07 4.281695851204858627e-07 7.559397658951638732e-07 9.999603033065795898e-01 1.266385334020014852e-05
6.744764687027782202e-05 3.475372679531574249e-03 2.220124006271362305e-04 7.193262263172073290e-06 7.169371820054948330e-04 4.113509203307330608e-04 5.600086296908557415e-04 7.120322552509605885e-04 9.023049473762512207e-01 9.116011857986450195e-02 5.043142664362676442e-05 1.082017843145877123e-05 3.013956593349575996e-04
8.410395239479839802e-04 6.446494720876216888e-03 8.901354740373790264e-04 3.941314571420662105e-05 8.194758296012878418e-01 4.279297310858964920e-03 3.705161216203123331e-04 5.765047972090542316e-04 1.511630117893218994e-01 1.446563471108675003e-02 1.429930678568780422e-03 4.198042915959376842e-06 1.811951187846716493e-05
5.156542465556412935e-05 1.369610079564154148e-03 1.608331367606297135e-04 1.846202621891279705e-06 1.935806212713941932e-04 5.333760054782032967e-04 5.069529288448393345e-04 9.251050505554303527e-05 9.881569743156433105e-01 8.858892135322093964e-03 3.883867611875757575e-05 4.843063379667000845e-06 3.015119909832719713e-05
1.478623133152723312e-03 4.670035559684038162e-04 3.741321712732315063e-02 2.886086876969784498e-04 1.800999492406845093e-01 7.312643574550747871e-04 4.415892064571380615e-03 8.260691538453102112e-04 1.507446984760463238e-03 1.625655032694339752e-02 7.563821077346801758e-01 1.121905661420896649e-04 2.109192791976965964e-05
6.194549202919006348e-01 6.973198615014553070e-04 7.099860813468694687e-03 6.496506393887102604e-04 2.653798146639019251e-04 5.252449307590723038e-03 2.811553180217742920e-01 4.457448609173297882e-03 1.037546549923717976e-03 1.000784919597208500e-03 7.891346514225006104e-02 1.380069807055406272e-05 2.079972773572080769e-06
9.965033531188964844e-01 7.260072743520140648e-05 2.165765181416645646e-04 1.403142814524471760e-04 1.579017407493665814e-05 2.739358460530638695e-04 1.795384800061583519e-03 5.559681449085474014e-04 6.614640733459964395e-05 2.086210042762104422e-05 3.379505942575633526e-04 1.886981806364929071e-07 8.078398536781605799e-07
6.765783473383635283e-05 3.901812306139618158e-05 8.243138154284679331e-07 9.990583062171936035e-01 7.854694558773189783e-06 1.585788959346245974e-05 2.366249418628285639e-06 6.951803225092589855e-04 8.726801752345636487e-06 4.341577550803776830e-06 7.618227391503751278e-05 2.320197563676629215e-05 5.473452233673015144e-07
2.765704039120464586e-06 2.851311000995337963e-05 1.430308766430243850e-04 2.738212742769974284e-06 1.227134489454329014e-04 1.144272246165201068e-04 8.640245505375787616e-05 8.314891601912677288e-06 3.329485480207949877e-05 9.993502497673034668e-01 5.652626714436337352e-05 9.449316166865173727e-06 4.157477087574079633e-05
5.517988392966799438e-05 4.906228059553541243e-05 6.272109021665528417e-05 1.385126051900442690e-05 4.897252438240684569e-05 9.948229789733886719e-01 8.409651491092517972e-05 8.396167686441913247e-06 7.580016390420496464e-04 4.024700727313756943e-03 6.877227860968559980e-05 1.311850610363762826e-06 1.885364326881244779e-06
2.938834313681581989e-06 1.225236246682470664e-05 4.350485323811881244e-05 1.333300360784051009e-06 2.554812635935377330e-05 4.370348469819873571e-04 2.422925172140821815e-05 2.491828809070284478e-06 1.311843661824241281e-04 9.992857575416564941e-01 2.777656300168018788e-05 1.198616701003629714e-06 4.773284217662876472e-06
6.117014214396476746e-03 3.514942480251193047e-03 1.508837342262268066e-01 3.658117784652858973e-04 1.936642974615097046e-01 7.340101990848779678e-03 1.055640913546085358e-02 5.462024128064513206e-04 1.938998582772910595e-03 1.764719784259796143e-01 4.485765695571899414e-01 1.271261407964630052e-05 1.123967103922041133e-05
1.429693866521120071e-02 1.253383379662409425e-04 6.673497613519430161e-03 4.149656160734593868e-04 1.409108750522136688e-03 6.411242764443159103e-03 2.541711926460266113e-02 5.354855093173682690e-04 1.755898847477510571e-04 2.324016299098730087e-03 9.421939253807067871e-01 2.235142346762586385e-05 3.653837552519689780e-07
9.510214328765869141e-01 1.118521671742200851e-03 3.122623602394014597e-04 5.196816637180745602e-04 1.915061147883534431e-04 1.725819194689393044e-03 2.718012779951095581e-03 4.008457064628601074e-02 1.175008830614387989e-03 3.815017116721719503e-04 7.040250347927212715e-04 4.684026748691394459e-07 4.725755206891335547e-05
7.385679637081921101e-04 6.371002644300460815e-03 3.083006711676716805e-03 3.175863821525126696e-05 1.364697003737092018e-03 7.834938764572143555e-01 9.070053696632385254e-03 1.242541620740666986e-04 1.465259939432144165e-01 4.865996539592742920e-02 4.914869787171483040e-04 1.694618003966752440e-05 2.841509740392211825e-05
4.179274583293590695e-06 7.194657518994063139e-05 1.389684075547847897e-05 1.119175507824365923e-07 5.568273536482593045e-06 1.090748446586076170e-05 9.997647404670715332e-01 9.399234841112047434e-06 4.002177229267545044e-05 2.169657273043412715e-05 4.591937977238558233e-05 8.103613254206720740e-06 3.528170509525807574e-06
4.033226650790311396e-05 1.133190933614969254e-03 5.849656190548557788e-06 9.952446818351745605e-01 9.116474393522366881e-05 2.665693318704143167e-05 4.915988029097206891e-06 2.078843535855412483e-03 4.683186489273793995e-05 1.719763531582430005e-05 1.157140126451849937e-03 1.514735631644725800e-04 1.668705749580112752e-06
6.149314867798238993e-05 1.193419157061725855e-04 5.361323928809724748e-05 9.578370372764766216e-05 5.926871381234377623e-05 9.819983243942260742e-01 1.433085271855816245e-04 4.420315963216125965e-05 9.765512077137827873e-04 1.633970625698566437e-02 1.021255811792798340e-04 4.070498562214197591e-06 2.086757831420982257e-06
9.321522156824357808e-06 6.025321636116132140e-05 1.982580288313329220e-04 2.783249328786041588e-06 1.614693064766470343e-05 9.186186362057924271e-04 2.519634144846349955e-04 4.305953098082682118e-06 8.933572098612785339e-05 9.982016086578369141e-01 2.373437309870496392e-04 5.464705736812902614e-06 4.658248144551180303e-06
4.128870205022394657e-05 7.144876872189342976e-04 1.077869892469607294e-04 9.576870979799423367e-06 1.625104341655969620e-04 3.893325338140130043e-04 1.101924790418706834e-04 1.569012383697554469e-04 9.777217507362365723e-01 2.051953785121440887e-02 2.194814078393392265e-05 8.112746400001924485e-06 3.651994848041795194e-05
2.815758762153564021e-06 9.198961379297543317e-06 4.680921483668498695e-05 1.374549469801422674e-06 4.088242712896317244e-05 9.638725168770179152e-05 6.090101123845670372e-06 1.723364334793586750e-06 5.798319762106984854e-05 9.997181296348571777e-01 1.034469369187718257e-05 5.875631927665381227e-07 7.606828148709610105e-06
3.001373215738567524e-06 1.009794050332857296e-05 2.027671325777191669e-05 2.376499196543591097e-06 1.076996068150037900e-05 8.482571865897625685e-05 8.292180609714705497e-06 3.204808081136434339e-06 5.860663077328354120e-05 9.997830986976623535e-01 7.095484761521220207e-06 8.471512273899861611e-07 7.504774657718371600e-06
1.334310974925756454e-03 3.403122723102569580e-01 6.784431170672178268e-04 5.084469376015476882e-05 2.170766470953822136e-03 5.979821435175836086e-04 1.443182211369276047e-02 3.493475317955017090e-01 2.813271880149841309e-01 6.209914572536945343e-03 9.415275999344885349e-04 1.650837511988356709e-04 2.432269044220447540e-03
3.260122412029886618e-06 1.709932439553085715e-05 3.037975875486154109e-05 2.684687615328584798e-06 2.417592440906446427e-05 2.166749181924387813e-04 7.782634202158078551e-05 2.552451587689574808e-05 2.034715435001999140e-04 9.993234872817993164e-01 2.939913974842056632e-05 1.290300224354723468e-05 3.310093234176747501e-05
2.359520643949508667e-03 6.836757529526948929e-04 8.414534926414489746e-01 5.754909125244012102e-06 2.028748579323291779e-02 6.604377925395965576e-02 1.542023383080959320e-03 4.213336069369688630e-05 6.160811986774206161e-03 5.999253690242767334e-02 9.776536608114838600e-04 3.654998863567016087e-06 4.475201130844652653e-04
3.837923752143979073e-03 7.060863426886498928e-04 2.785956859588623047e-01 2.524184237699955702e-04 2.158851828426122665e-03 1.104264706373214722e-02 4.361147060990333557e-02 9.256313933292403817e-05 3.019124851562082767e-04 8.680903911590576172e-02 5.725166201591491699e-01 6.736809154972434044e-05 7.420443580485880375e-06
3.241691156290471554e-04 4.510384798049926758e-02 2.684327591850887984e-05 1.582470722496509552e-04 1.384128263453021646e-04 2.250571269541978836e-04 2.867302158847451210e-03 9.275687336921691895e-01 2.047794312238693237e-02 9.670289582572877407e-04 1.973607577383518219e-03 1.192285417346283793e-04 4.967365748598240316e-05
3.455494879744946957e-04 5.136727486387826502e-05 1.246996816917089745e-05 9.990062117576599121e-01 1.547803549328818917e-05 2.591314841993153095e-05 9.432263141206931323e-06 2.130365464836359024e-04 3.358997219038428739e-06 1.974892802536487579e-05 2.898921957239508629e-04 7.067046226438833401e-06 5.344678015717363451e-07
2.049607224762439728e-03 6.885936454636976123e-05 9.777523577213287354e-03 6.163601210573688149e-05 7.319314754568040371e-04 4.085669293999671936e-03 9.412668645381927490e-03 1.536780182505026460e-04 1.077440101653337479e-04 4.588326439261436462e-03 9.689478874206542969e-01 1.391786099702585489e-05 5.943105634287348948e-07
