1.585929385328199714e-05 3.355450098752044141e-05 2.692536637187004089e-02 2.437877810734789819e-07 1.193366460938705131e-05 3.888029605150222778e-02 6.647423288086429238e-05 2.868950559786753729e-06 3.548043605405837297e-04 9.333300590515136719e-01 3.329871396999806166e-04 2.355483593419194221e-05 2.193099680880550295e-05
6.712533036079548765e-07 9.999862909317016602e-01 1.977169432620939915e-07 9.666377991379704326e-07 6.809581464040093124e-06 3.719119376910384744e-07 3.566158568446553545e-07 3.727282376075891079e-07 3.656581668565195287e-07 7.478116117454192135e-07 1.944252062457962893e-06 2.635088662827911321e-07 7.436171927110990509e-07
8.836507845444430131e-07 9.999879598617553711e-01 1.540972505154059036e-07 3.374662583155441098e-06 1.013309770314663183e-06 5.737081778534047771e-07 2.810429577948525548e-07 2.168344735764549114e-06 4.953235475113615394e-07 2.772576408460736275e-07 1.192053559861960821e-06 7.757417392895149533e-07 8.548292953491909429e-07
9.355761903862003237e-06 1.271099790756125003e-06 9.999458789825439453e-01 3.957925542863449664e-08 1.091677177100791596e-06 8.031096854210773017e-07 5.942717962170718238e-06 7.137721080852088562e-09 2.983120793942362070e-06 2.911466708610532805e-06 4.631183969650010113e-07 3.359342315434332704e-08 2.929622496594674885e-05
4.341350286267697811e-04 1.520475507277296856e-05 6.563466013176366687e-05 1.990493728953879327e-05 2.793988678604364395e-03 1.058657971952925436e-06 7.173093035817146301e-04 1.018195616779848933e-04 1.537878961244132370e-05 5.389910656958818436e-04 9.952962994575500488e-01 4.146378884684054356e-08 1.947161649695772212e-07
5.416914063971489668e-06 1.329757537860132288e-06 2.487350138835608959e-05 3.965469659306108952e-06 1.100525969377486035e-05 4.158148669830552535e-07 4.012211138615384698e-05 1.541310780339699704e-06 4.636268897684203694e-07 3.479940642137080431e-05 9.998759031295776367e-01 3.761289946169199538e-08 4.281775378700558576e-09
1.307291768171126023e-07 5.376662670641962904e-07 2.801948312480817549e-06 1.381097902708461334e-09 2.432279416098026559e-06 4.687133696279488504e-06 3.257780235799145885e-06 3.040939304810308386e-07 5.822311322845052928e-06 9.999730587005615234e-01 6.777440830774139613e-06 6.294746413004759233e-08 8.228082037931017112e-08
2.514241350581869483e-05 1.428484893040149473e-06 9.246334229828789830e-06 9.422418401072718552e-08 7.120167992979986593e-07 9.997105002403259277e-01 8.221267648877983447e-07 3.107484474185184808e-07 1.161892214440740645e-05 2.381890226388350129e-04 1.427994448022218421e-06 2.949174984223645879e-07 1.089948895582892874e-07
5.858581789652816951e-05 1.609711716810124926e-06 1.294273170060478151e-05 2.961033089832199039e-07 1.810749523656340898e-07 9.998942613601684570e-01 6.945086283849377651e-07 1.551858872517186683e-07 4.706625531980535015e-06 2.492893509042914957e-05 1.413937411598453764e-06 1.999921721562714083e-07 7.967248194518106175e-08
1.652803257456980646e-05 3.190483039361424744e-05 5.326112659531645477e-05 2.509145247131527867e-08 6.949008675292134285e-04 1.663672883296385407e-04 1.519477245892630890e-05 2.970161222037859261e-05 9.756763577461242676e-01 2.325493283569812775e-02 2.004497582674957812e-05 2.316905010957270861e-06 3.841860234388150275e-05
2.344035920032183640e-06 3.130147376850800356e-07 5.865138632543676067e-07 8.489004699185898062e-08 1.074065067996343714e-07 9.999761581420898438e-01 1.021267976852868742e-07 2.884677883230324369e-07 5.053252152720233425e-06 1.393104503222275525e-05 9.389113415636529680e-07 1.309777957203550613e-07 7.011007330248730796e-09
4.879399284618557431e-07 9.999884366989135742e-01 2.538838259624753846e-07 7.431416406689095311e-07 1.000461338662717026e-06 2.171102977399641532e-07 5.438957373371522408e-07 3.326178102724952623e-06 1.562315503633726621e-07 1.716690462671977002e-06 2.243522203571046703e-06 2.050321796787102357e-07 6.543482982124260161e-07
2.631189988111515277e-10 3.320434416309581138e-08 1.191987397675120519e-09 1.145520400314126164e-06 2.574056745530128865e-09 4.326427571754720702e-08 2.775895211470924551e-07 1.004057565978655475e-07 6.050064005336253103e-09 1.280587746954608974e-09 1.504188551493257364e-09 9.999978542327880859e-01 4.839949951929156668e-07
2.313488567384780481e-10 3.774547607804379368e-08 1.574254393510443606e-09 1.140083895734278485e-06 3.299484463425983449e-09 3.289494898695011216e-08 3.618881123657047283e-07 1.354455747559768497e-07 7.939667590051158186e-09 1.528598581046480831e-09 1.525086390508079148e-09 9.999974966049194336e-01 6.753716661478392780e-07
3.567477506294380873e-06 1.635492367313418072e-06 6.599855737476900686e-07 6.818689257670484949e-07 4.923445544591231737e-07 1.671155871463270159e-07 8.130446985887829214e-06 9.999396800994873047e-01 3.612534783314913511e-05 3.966304575442336500e-06 1.302106397815805394e-06 1.141072971222456545e-06 2.482717491147923283e-06
1.968898232007632032e-06 2.136874400093802251e-06 6.727429990860400721e-07 1.008873027785739396e-06 2.335250854912374052e-07 1.828160236527764937e-07 1.025538313115248457e-05 9.999659061431884766e-01 8.347551556653343141e-06 3.967657448811223730e-06 1.590841293364064768e-06 1.633052306715399027e-06 2.093513785439427011e-06
4.470856219995766878e-04 1.816307194530963898e-03 4.637846359401009977e-05 4.260247123966109939e-07 4.203072190284729004e-02 1.537918979011010379e-05 8.274756692117080092e-05 1.178451202576979995e-04 9.529229998588562012e-01 2.330659423023462296e-03 5.764383968198671937e-05 9.983145901060197502e-07 1.307382044615224004e-04
1.203489446197636425e-04 1.410449476679787040e-05 2.018923260038718581e-05 2.070165010081836954e-06 2.624486569402506575e-06 3.106198391833459027e-06 1.555771304992958903e-04 9.964708089828491211e-01 3.089698264375329018e-03 3.070108141400851309e-05 6.016327915858710185e-06 1.864170553744770586e-05 6.622844375669956207e-05
5.627940117847174406e-05 4.988454293197719380e-06 6.515195127576589584e-05 4.221168637741357088e-06 1.303946555708535016e-05 2.846713869075756520e-06 2.685029467102140188e-04 1.438891285943100229e-05 3.266258318035397679e-06 8.814715547487139702e-04 9.986857771873474121e-01 5.272994130223196407e-08 1.042910913184869059e-08
5.407959906733594835e-05 1.480931859987322241e-05 3.353955253260210156e-05 1.828983187124322285e-08 3.324818680994212627e-05 4.859198525082319975e-04 1.141626398748485371e-05 4.948466539644869044e-06 9.979656934738159180e-01 1.359945512376725674e-03 1.633546730772650335e-06 1.903745328490913380e-06 3.281776662333868444e-05
2.630330016017978778e-07 8.453223472315585241e-07 2.723544866967131384e-06 2.756714634344348269e-09 1.323115839113597758e-06 4.538247594609856606e-06 3.963743438362143934e-06 7.703459914409904741e-07 3.972670583607396111e-06 9.999660253524780273e-01 1.545315353723708540e-05 4.812794074382509280e-08 3.832032646755578753e-08
1.452830929338233545e-05 5.259419413050636649e-05 2.587572380434721708e-04 3.278300937381573021e-07 5.199167208047583699e-05 1.970673352479934692e-01 7.516540063079446554e-05 1.394237551721744239e-05 2.774417866021394730e-03 7.995160818099975586e-01 2.137534283974673599e-05 8.144813909893855453e-05 7.206951704574748874e-05
6.524469426949508488e-06 1.804584826459176838e-05 3.359620677656494081e-06 8.994194899969443213e-07 5.170685199118452147e-06 2.177837814087979496e-06 9.770996257429942489e-05 9.993508458137512207e-01 4.256976826582103968e-04 8.238478039857000113e-05 1.889721943371114321e-06 1.688064116933674086e-06 3.605842721299268305e-06
8.412379538640379906e-04 3.376623790245503187e-04 2.629245221614837646e-01 2.200923887585304328e-07 1.143368659541010857e-03 7.589789456687867641e-04 9.736443753354251385e-04 1.471464292990276590e-05 6.115008592605590820e-01 1.119574066251516342e-02 7.769572221150156111e-06 6.293812475632876158e-05 1.102383956313133240e-01
9.999632835388183594e-01 1.121651052926608827e-06 7.132718110369751230e-06 8.333547157235443592e-06 1.001993013005630928e-07 9.541460030959569849e-07 5.940752544120186940e-06 4.037327130390622187e-07 3.668616272989311256e-06 2.949792410333884618e-08 8.602273737778887153e-06 7.699751058964920958e-09 3.263636187966767466e-07
4.299625288695096970e-06 1.834686941037944052e-06 2.347703720317895204e-08 2.737525028351228684e-05 8.038883265726326499e-07 1.716883986091488623e-07 4.568170425045536831e-06 9.999489784240722656e-01 2.369368530708015896e-06 3.375195660737517755e-07 7.174798611231381074e-06 1.719763872642943170e-06 3.407008648537157569e-07
1.226859183134365594e-07 9.987581961468094960e-08 7.360143285950471181e-07 5.514958711927420154e-09 2.176457485347782495e-07 2.598442128132205653e-09 8.863857487995119300e-07 1.257493842388157645e-08 2.307379645571927540e-06 3.109864721295707568e-08 6.663859741795619129e-11 6.044724045750626829e-07 9.999949932098388672e-01
1.503909697930794209e-05 3.061576080654049292e-06 1.819414137571584433e-06 3.656852277345024049e-05 1.244131362909683958e-05 1.157010137831093743e-05 5.448927549878135324e-05 1.276861712540267035e-05 3.041355114419275196e-07 5.296317249303683639e-05 9.997989535331726074e-01 1.367765491977479542e-07 1.039141883651950593e-09
5.274997674860060215e-04 5.024186102673411369e-04 1.082998278434388340e-05 1.051326307788258418e-06 4.427484600455500185e-05 4.341489169746637344e-03 1.424814308847999200e-05 4.966521737514995039e-05 9.943939447402954102e-01 8.478806557832285762e-05 5.000044893677113578e-07 4.271207217243500054e-06 2.497766945452895015e-05
5.175942987989401445e-06 3.259017148593557067e-06 3.307126917206915095e-06 1.557584567990488722e-07 2.281596607645042241e-06 9.988026618957519531e-01 5.924586616856686305e-07 1.677591853876947425e-06 8.734055154491215944e-05 1.086523057892918587e-03 6.380006198014598340e-06 5.606520971923600882e-07 1.062081125269287440e-07
9.801860301195119973e-08 1.835344249911941006e-07 9.042154829330684152e-07 6.421608134132839041e-09 4.820610683964332566e-07 3.399423631478271091e-09 1.907914565890678205e-06 2.639770535495244985e-08 3.974138053308706731e-06 7.794360357138430118e-08 7.194061318882560840e-11 1.301260908803669736e-06 9.999910593032836914e-01
2.762080729007720947e-02 6.649126589763909578e-05 4.845205330639146268e-05 3.323014971101656556e-05 6.369767106662038714e-06 1.404784325131913647e-05 9.682508707046508789e-01 4.684361629188060760e-04 1.826912339311093092e-04 7.036195020191371441e-04 2.597357379272580147e-03 2.389952442172216251e-06 5.203957243793411180e-06
4.342665761214448139e-06 6.493141427199589089e-06 2.749323175521567464e-05 1.935519691187437274e-07 9.991706609725952148e-01 6.781033334846142679e-07 2.976392170239705592e-05 2.859927462850464508e-06 1.437188620911911130e-04 5.521202110685408115e-04 5.533832882065325975e-05 6.691605847208847990e-08 6.320187821984291077e-06
9.336608286503178533e-07 3.735232496637763688e-07 9.999921321868896484e-01 1.142383876384656105e-08 4.572405885028274497e-07 5.932157023380568717e-07 6.632299118791706860e-07 2.088689665669107853e-09 8.136717610796040390e-07 1.708827085167285986e-06 6.015945928083965555e-07 4.977909195957863631e-09 1.577991042722715065e-06
1.827526830311398953e-06 1.605799184289935511e-06 8.938299629335233476e-07 3.086702671240004747e-09 3.571043407646357082e-06 1.107631078411941417e-06 2.123474814652581699e-06 4.699341843661386520e-06 9.999755620956420898e-01 7.215219739009626210e-06 1.327646543813898461e-07 6.869162660905203666e-08 1.362040620733750984e-06
6.946752546355128288e-05 4.919117418467067182e-05 1.665087474975734949e-04 3.284738454567559529e-07 6.527115328935906291e-05 7.224321365356445312e-01 4.608056769939139485e-05 1.071023598342435434e-05 2.409493317827582359e-03 2.747092247009277344e-01 1.726533810142427683e-05 1.125102517107734457e-05 1.309677736571757123e-05
1.711080585664603859e-05 1.600602809048723429e-05 8.634066034574061632e-05 2.245012176160798845e-08 9.465435869060456753e-05 1.060948343365453184e-04 4.633786375052295625e-05 2.826952913892455399e-05 1.685492135584354401e-02 9.826496839523315430e-01 9.694986511021852493e-05 3.381348392395011615e-07 3.246668711653910577e-06
9.930913448333740234e-01 1.376758245896780863e-05 2.363024577789474279e-05 2.994140668306499720e-04 6.519133535221044440e-07 6.353905424475669861e-03 5.902116299694171175e-06 5.330531166691798717e-06 2.706233499338850379e-05 2.088268502120627090e-06 1.764359476510435343e-04 2.066219053631357383e-07 2.155853024987663957e-07
1.226132098963716999e-05 3.478456847005872987e-06 1.000194984612789995e-07 3.545235085766762495e-05 3.369804107933305204e-05 2.082451402429796872e-07 9.793563367566093802e-05 9.997236132621765137e-01 2.074115218420047313e-05 1.829161988098348957e-06 6.590575503651052713e-05 2.571225650171982124e-06 2.226284095740993507e-06
8.487050945404917002e-05 6.537202716572210193e-05 8.158099954016506672e-04 7.599939522151544224e-07 8.864768460625782609e-06 6.794505715370178223e-01 1.945903641171753407e-04 2.323788976354990155e-05 3.676756168715655804e-04 3.188934922218322754e-01 7.876570452935993671e-05 1.346926273981807753e-05 2.540222567404271103e-06
1.475848239351762459e-05 8.064384928729850799e-06 3.136655868729576468e-05 1.479241795721009112e-08 2.660938844201155007e-05 1.659862937231082469e-05 5.972074359306134284e-05 5.604499165201559663e-06 9.985809326171875000e-01 1.244876650162041187e-03 2.595043952169362456e-06 4.057849309901939705e-07 8.528254511475097388e-06
2.701494304346852005e-05 5.825283096783095971e-06 2.999903244926827028e-06 2.073169902416793775e-08 2.069254151138011366e-05 7.400876711471937597e-07 9.069438965525478125e-05 1.819529861677438021e-04 9.996403455734252930e-01 1.837300806073471904e-05 3.973356115238857456e-07 4.428863462635490578e-07 1.037484071275684983e-05
7.677468238398432732e-04 3.922567069530487061e-01 3.309323510620743036e-04 3.931738683604635298e-05 1.132433026214130223e-04 2.685128152370452881e-01 2.597864484414458275e-03 1.222375035285949707e-02 1.878335028886795044e-01 1.346583813428878784e-01 4.457215254660695791e-05 5.334112793207168579e-04 8.775099558988586068e-05
2.125230676028877497e-04 5.855397466802969575e-05 1.576167880557477474e-03 6.321857171087685856e-08 1.356874327029800043e-05 8.656737627461552620e-04 3.057733178138732910e-03 3.266368730692192912e-05 2.945714257657527924e-02 9.646483659744262695e-01 4.672374052461236715e-05 7.828183697711210698e-06 2.296733873663470149e-05
3.494302291073836386e-06 2.787963012451655231e-06 3.539722683854051866e-06 1.608045074874553393e-08 1.242037706106202677e-05 1.504906504123937339e-05 4.511246515903621912e-06 1.120118686230853200e-04 9.995366334915161133e-01 3.058771253563463688e-04 2.052113131867372431e-06 1.678423302564624464e-07 1.517248506388568785e-06
3.123605210930691101e-06 5.243127816356718540e-07 9.999899864196777344e-01 1.743918254248910671e-08 4.720257891221990576e-07 3.964758548136160243e-07 8.952317784860497341e-07 3.170947504571586251e-09 1.245783892045437824e-06 1.422010996066092048e-06 6.511533570119354408e-07 2.379141994524047732e-09 1.290569230150140356e-06
3.939012458431534469e-06 1.125829498960229103e-06 9.905834303935989738e-07 4.977001477612930103e-09 4.021351742267142981e-06 2.331058340132585727e-06 9.071806630345236044e-07 1.702831923466874287e-06 9.999794960021972656e-01 3.651171482488280162e-06 7.029565551874839002e-08 7.083807673780029290e-08 1.561681187922658864e-06
8.934437483549118042e-02 1.433064899174496531e-04 2.254785649711266160e-04 2.522006616345606744e-05 7.422348062391392887e-06 8.829607367515563965e-01 7.304742757696658373e-05 7.171275501605123281e-05 2.684593014419078827e-02 2.595851256046444178e-04 2.506215605535544455e-05 2.550870021877926774e-06 1.557596806378569454e-05
1.246577454594444134e-07 1.721571578627845156e-07 9.921255923472926952e-07 5.919593260017563807e-09 4.304657466036587721e-07 2.463956816356471791e-09 1.691653892521571834e-06 2.211890226533341774e-08 3.600075615395326167e-06 5.650382561839251139e-08 7.004641311425530148e-11 7.821236636118555907e-07 9.999920129776000977e-01
2.703188147279433906e-05 2.082610990328248590e-06 2.176165452283385093e-07 9.999542236328125000e-01 4.478784774164523697e-07 7.913072295195888728e-07 1.197517804030212574e-06 6.099363417888525873e-06 1.050128162205510307e-07 1.221235002013543181e-09 6.793892225687159225e-06 9.906736977427499369e-07 1.135626064296957338e-07
5.445243790745735168e-03 3.012667584698647261e-04 1.551773026585578918e-02 6.466962804552167654e-05 4.674136936664581299e-01 5.433742444438394159e-06 4.161543399095535278e-02 1.861148397438228130e-03 4.459182322025299072e-01 2.703260164707899094e-03 1.901406235992908478e-02 8.295326551888138056e-06 1.316269481321796775e-04
4.313255030918838884e-10 3.705256901298525918e-08 1.447858055669826172e-09 1.250064542546169832e-06 2.217684258454255541e-09 4.356908434033357480e-08 3.673017943128797924e-07 1.184494280437320413e-07 8.048348654199344310e-09 1.141642225199746008e-09 1.126956639119214287e-09 9.999974966049194336e-01 7.313695391530927736e-07
1.485759071329084691e-06 7.555246952506422531e-07 1.479365550949296448e-06 2.178529134866380446e-09 3.293689132988220081e-06 1.081749019249400590e-06 3.066922090511070564e-06 3.184280330970068462e-06 9.999718666076660156e-01 1.133881232817657292e-05 9.740654149936744943e-08 1.018823923004674725e-07 2.266770025016739964e-06
1.088368480850476772e-05 9.996575117111206055e-01 4.334241566539276391e-06 2.825916567417152692e-07 8.484427235089242458e-05 1.037174388329731300e-05 9.076334208657499403e-07 1.151666219811886549e-05 1.285321341129019856e-04 8.380159852094948292e-05 4.108836492378031835e-06 2.690918279313336825e-07 2.705066208363859914e-06
6.006788680679164827e-06 2.808875478876871057e-06 3.838717020698823035e-06 6.134301955285081931e-09 4.360747880127746612e-06 4.595613972924184054e-06 1.759999577188864350e-05 2.902048890973674133e-06 9.999130964279174805e-01 4.142466787016019225e-05 3.804195500833884580e-07 1.205601449782989221e-07 2.875661493817460723e-06
2.307690556335728616e-05 6.502548058051615953e-05 1.290703425183892250e-03 1.803200575523078442e-05 6.062171980738639832e-02 1.681849971646443009e-05 3.250641457270830870e-04 5.632463580695912242e-05 6.725481944158673286e-05 5.184311047196388245e-02 8.856691122055053711e-01 1.909641696329344995e-06 1.863795660028699785e-06
9.999728202819824219e-01 7.467040745723352302e-07 1.499341124144848436e-06 7.849051144148688763e-06 4.589786684050523036e-08 5.305435934133129194e-06 2.307561771885957569e-06 2.649239263519120868e-07 1.532928081360296346e-06 1.033845080655737547e-07 7.368341812252765521e-06 6.173108690887829653e-09 4.926451779851959145e-08
9.997426867485046387e-01 2.318636916243121959e-06 1.005432523015770130e-06 6.763519922969862819e-05 3.819314997599576600e-07 1.254678209079429507e-04 1.778220166670507751e-06 1.979086391656892374e-06 7.890507731644902378e-06 2.279666944104974391e-07 4.859677937929518521e-05 1.663805448970379075e-08 7.140862123833358055e-08
4.080043709109304473e-06 7.632334586560318712e-07 6.813084496570809279e-08 9.999876022338867188e-01 2.186594088016136084e-07 5.899773896089754999e-07 3.682528415538399713e-07 2.769994580376078375e-06 2.647445995762609527e-08 8.691682373829223707e-10 3.069925696763675660e-06 5.151030109118437394e-07 2.469828785933714244e-08
1.277510222053024336e-07 8.042581498557410669e-07 2.506863893358968198e-06 1.713503006151029240e-09 3.102361461060354486e-06 2.812606453517219052e-06 9.986601071432232857e-06 5.607515163319476414e-07 3.821647624135948718e-06 9.999682903289794922e-01 7.699743036937434226e-06 8.770124537704759859e-08 1.425952973477251362e-07
3.833028586086584255e-06 3.657684715108189266e-07 1.818855025703669526e-06 8.078978908088174649e-08 1.119020325290875917e-07 9.999617338180541992e-01 1.601556647301549674e-07 1.733804140258143889e-07 5.125081770529504865e-06 2.565871363913174719e-05 6.669723120467097033e-07 1.850678046366738272e-07 2.614184957394627418e-08
1.781939147349476116e-07 6.802488314860966057e-07 2.748174665612168610e-06 1.719539732825126066e-09 5.326708560460247099e-06 5.575276645686244592e-06 1.967284333659335971e-06 4.288508250738232164e-07 7.616576567670563236e-06 9.999660253524780273e-01 9.318408956460189074e-06 4.963986910411222198e-08 7.081307984435625258e-08
2.501266180843231268e-07 1.129650399889214896e-06 5.229015300756145734e-07 4.234613868447922869e-07 9.999401569366455078e-01 1.142107208806919516e-07 1.395290041728003416e-06 1.620568014004675206e-06 1.873956193776393775e-06 7.368171281996183097e-06 4.477740003494545817e-05 4.776073225798427302e-08 2.906660085955081740e-07
4.087385721504688263e-03 3.121911140624433756e-04 1.843569986522197723e-02 7.836352597223594785e-05 3.019965561179560609e-06 4.991786554455757141e-03 8.677825331687927246e-01 5.428132135421037674e-04 6.821606075391173363e-04 8.755071461200714111e-02 1.541232410818338394e-02 1.051033686962909997e-04 1.596448419149965048e-05
9.998270869255065918e-01 2.004785528697539121e-06 3.575230209662549896e-07 5.056494956079404801e-06 5.312704729476536158e-07 9.274097101297229528e-05 1.226693484568386339e-06 5.618802333628991619e-06 5.041436088504269719e-05 6.585771075151569676e-07 1.418142710463143885e-05 4.847709789146392723e-09 1.472663058166290284e-07
2.054132753983139992e-03 2.835738705471158028e-04 1.709720236249268055e-03 1.267365860257996246e-06 1.172601623693481088e-04 5.694142580032348633e-01 4.209100734442472458e-04 3.056318746530450881e-05 2.403361201286315918e-01 1.853114068508148193e-01 8.872728358255699277e-05 2.470238905516453087e-05 2.073663927149027586e-04
1.324990080320276320e-06 1.885494611997273751e-06 2.292031922479509376e-06 1.286873953176836949e-06 1.914555014081997797e-06 1.761563339641725179e-08 9.999635219573974609e-01 1.088833414542023093e-05 2.998003992615849711e-06 5.975517069600755349e-06 3.079916041315300390e-06 1.861153350546373986e-06 2.934708845714339986e-06
1.967371872524381615e-06 1.074037868420418818e-06 9.545828305590475793e-08 9.999799728393554688e-01 2.356314752205435070e-07 2.039409991994034499e-06 7.977751579346659128e-07 3.172929382344591431e-06 3.284052141339088848e-08 1.251160730575406888e-09 4.107035238121170551e-06 6.489532097475603223e-06 7.851450334328546887e-08
6.322501917566114571e-07 1.782939875738520641e-06 7.478293468921037856e-07 3.758789489438640885e-06 4.780296194439870305e-07 9.998431205749511719e-01 9.515734404885733966e-07 2.297645096405176446e-06 1.378567958454368636e-06 1.173157579614780843e-04 2.615414996398612857e-05 1.387494648952269927e-06 6.409658581674193556e-09
1.373666145809693262e-05 1.460246494389139116e-05 5.905566649744287133e-05 1.802028037900527124e-08 4.043940407427726313e-06 8.915945072658360004e-04 1.963328832061961293e-04 5.863268143002642319e-06 9.593844297342002392e-04 9.978241920471191406e-01 2.627240792207885534e-05 2.423793375783134252e-06 2.435044052617740817e-06
2.283792355228797533e-06 7.376768280664691702e-07 1.473652901040622965e-06 2.555603506593229213e-09 2.457621576468227431e-06 2.338038257221342064e-06 1.135303477894922253e-06 1.967136313396622427e-06 9.999766349792480469e-01 8.963384971139021218e-06 9.376657317261560820e-08 1.100226398875747691e-07 1.787176984180405270e-06
1.620853481654194184e-06 5.873817826795857400e-06 8.191345841623842716e-05 6.121136930659076825e-09 1.309366634814068675e-04 3.991701305494643748e-05 7.601415290992008522e-06 1.116903717957029585e-06 5.800955696031451225e-04 9.991230368614196777e-01 2.339113234484102577e-05 2.855589968930871692e-07 4.268356406100792810e-06
8.532365609426051378e-05 7.170699973357841372e-05 1.965700357686728239e-04 3.717749308407292119e-08 3.643461095634847879e-04 1.108577940613031387e-03 2.884825698856730014e-05 6.635140744037926197e-05 1.924141198396682739e-01 8.054996132850646973e-01 1.346475764876231551e-04 1.350851334791514091e-06 2.849322299880441278e-05
7.594314229208976030e-05 1.839524193201214075e-04 2.692450470931362361e-05 6.064172339392825961e-06 1.038059781421907246e-05 9.712539394968189299e-06 2.452716580592095852e-04 9.614269733428955078e-01 3.788321092724800110e-02 3.939852103940211236e-05 3.100163212366169319e-06 4.475747482501901686e-05 4.429103864822536707e-05
4.266951236786553636e-06 1.041693167280755006e-06 1.727084850244864356e-06 3.385961289126271367e-09 3.378254177732742392e-06 3.877929430018411949e-06 3.708616532094310969e-06 5.919326213188469410e-06 9.999310970306396484e-01 4.302409433876164258e-05 2.978421491661720211e-07 9.967779845965196728e-08 1.524775143479928374e-06
3.181487727488274686e-06 1.824473656597547233e-05 6.852378719486296177e-04 5.980689721241105872e-09 5.260531324893236160e-04 2.297330865985713899e-05 4.603655543178319931e-05 2.819330347847426310e-06 5.977916298434138298e-04 9.979998469352722168e-01 5.184551264392212033e-05 6.965625516386353411e-07 4.530026490101590753e-05
1.344758202321827412e-04 1.209655692946398631e-05 4.562107846140861511e-03 9.144464274868369102e-05 8.178940333891659975e-06 7.141667883843183517e-04 3.597386821638792753e-04 3.886717422574292868e-06 1.943042661878280342e-06 1.786541775800287724e-03 9.923222661018371582e-01 3.068199703193386085e-06 1.207137643177702557e-07
3.263188318669563159e-06 1.791597583178372588e-06 2.148174047533757403e-07 2.679568069652304985e-06 1.371070936784235528e-07 3.422005363518110244e-07 2.569128446339163929e-05 9.999408721923828125e-01 1.993019577639643103e-05 1.817265228964970447e-06 8.777861921771545894e-07 1.993967089219950140e-06 4.025391717732418329e-07
3.565918814274482429e-05 2.290572865604190156e-06 4.126891894884465728e-07 9.999418258666992188e-01 1.154646042778040282e-06 4.013811008007905912e-07 1.584652409292175435e-06 4.813755822397070006e-06 6.082053971567802364e-08 1.627478929400183461e-09 1.105142109736334532e-05 6.001168912916909903e-07 1.908422149199395790e-07
1.084531322703696787e-04 5.620022784569300711e-05 2.066658344119787216e-03 1.557140603836160153e-05 1.305309560848399997e-04 4.298034124076366425e-03 1.020624884404242039e-03 5.415077976067550480e-05 5.141488509252667427e-05 2.508933842182159424e-01 7.413021326065063477e-01 2.189971610278007574e-06 7.485924129468912724e-07
